sample	author	meter	wc	wl	c_r	c_e	c_a	c_m	c_n	c_t	c_re	c_er	c_am	c_um	c_nt	con	vow	fin
em095	ovid	emixed	124	688	49	90	77	37	33	59	15	16	6	7	7	303	363	46
em069	ovid	emixed	138	711	45	95	71	40	54	44	12	7	9	7	7	304	375	49
eh013	martial	ehex	132	722	51	86	68	37	46	58	6	17	5	11	8	315	380	52
eh053	propertius	ehex	135	712	43	79	71	47	44	56	9	15	7	7	3	310	384	52
em032	tibullus	emixed	130	656	41	87	74	30	27	48	9	17	9	9	4	288	347	49
eh007	martial	ehex	130	726	38	95	67	33	42	54	11	12	4	11	8	310	389	54
em066	ovid	emixed	123	682	51	83	64	33	34	55	6	15	5	12	4	293	365	44
em152	catullus	emixed	120	668	36	68	64	37	41	47	7	13	9	5	4	285	360	65
eh036	ovid	ehex	135	748	41	98	68	34	43	56	7	14	9	10	9	333	378	55
em086	ovid	emixed	134	635	43	84	48	34	30	57	9	11	6	7	4	287	333	42
eh039	ovid	ehex	131	730	41	77	77	30	54	61	11	10	5	5	7	313	384	56
em074	ovid	emixed	124	681	39	78	79	26	39	67	11	15	8	6	4	306	355	51
eh025	tibullus	ehex	137	734	56	112	55	34	46	56	19	23	4	11	6	310	402	50
em019	martial	emixed	135	685	38	71	82	31	42	70	6	13	7	7	7	292	370	47
eh075	catullus	ehex	132	713	44	78	72	50	49	57	7	11	8	13	15	306	384	51
em122	propertius	emixed	121	648	42	70	70	31	34	50	5	13	4	4	5	287	345	46
eh004	martial	ehex	129	729	53	82	72	33	34	60	10	14	5	7	3	314	389	54
em136	catullus	emixed	132	702	47	95	72	36	37	57	13	23	13	10	8	310	360	56
em047	tibullus	emixed	130	700	50	89	68	38	32	49	17	16	7	6	2	305	371	46
ep071	catullus	epent	114	629	35	90	57	38	35	42	13	18	4	9	4	286	319	61
em004	martial	emixed	127	719	43	81	69	37	57	53	4	9	7	12	8	295	395	50
em035	tibullus	emixed	134	691	45	73	67	24	40	57	12	6	4	7	6	304	363	48
em129	catullus	emixed	131	679	33	82	67	44	37	68	10	11	10	6	7	291	363	46
ep045	ovid	epent	122	632	37	75	63	27	39	45	9	9	4	6	4	281	327	44
ep064	catullus	epent	107	608	36	59	62	30	49	48	8	14	7	5	6	278	310	60
eh072	catullus	ehex	132	722	47	93	57	55	41	55	13	15	9	21	6	311	390	55
em000	martial	emixed	128	661	39	65	51	35	29	41	8	13	7	9	2	293	348	50
em058	tibullus	emixed	125	669	46	78	60	26	35	53	9	10	4	7	4	295	350	55
em092	ovid	emixed	138	716	43	106	78	34	39	56	11	16	5	6	5	314	371	47
em059	tibullus	emixed	126	680	27	80	78	33	38	61	6	10	11	7	8	299	363	49
em040	tibullus	emixed	130	696	45	66	71	29	50	61	6	12	7	6	12	302	372	47
em008	martial	emixed	136	705	30	87	58	34	42	62	8	14	5	12	10	300	382	51
em038	tibullus	emixed	130	710	46	88	69	27	34	56	9	18	3	11	8	310	374	51
ep068	catullus	epent	121	621	34	78	70	46	28	51	7	14	11	10	2	281	321	57
ep041	ovid	epent	120	628	38	71	72	26	29	52	7	9	4	4	3	267	342	41
eh050	propertius	ehex	134	715	48	79	83	37	42	60	7	11	7	6	8	312	375	54
eh048	propertius	ehex	134	717	40	74	71	31	46	65	4	15	3	6	4	315	382	50
em082	ovid	emixed	127	665	53	86	57	31	40	67	12	11	5	8	6	289	359	46
ep032	ovid	epent	126	624	42	73	72	31	30	66	5	13	6	9	6	277	327	37
em104	propertius	emixed	125	678	52	77	70	39	42	56	10	16	6	9	4	292	359	48
eh010	martial	ehex	127	719	51	87	74	26	52	57	16	11	4	8	9	306	390	54
eh067	catullus	ehex	131	716	43	82	66	40	51	53	11	16	8	16	10	319	375	51
em078	ovid	emixed	132	697	51	84	68	26	43	62	5	11	8	7	7	308	364	49
eh061	propertius	ehex	135	719	47	90	82	40	44	64	5	19	10	9	9	309	382	52
eh079	catullus	ehex	147	764	50	96	61	49	45	61	16	16	14	10	5	329	406	50
em026	martial	emixed	119	645	31	78	59	36	48	40	7	11	3	13	7	292	329	50
eh054	propertius	ehex	131	714	57	73	88	29	40	61	8	16	6	7	8	312	376	53
em151	catullus	emixed	124	670	48	92	52	36	40	54	9	11	7	6	8	295	348	55
eh029	tibullus	ehex	144	736	54	97	82	27	34	67	11	15	4	9	6	321	388	49
eh042	ovid	ehex	133	744	54	77	69	19	38	76	8	12	3	3	7	316	405	52
em137	catullus	emixed	135	699	37	69	62	41	43	71	8	12	5	14	3	297	387	59
em100	propertius	emixed	124	676	39	78	82	40	41	40	10	13	7	10	3	296	352	51
em131	catullus	emixed	131	672	41	77	68	44	37	52	14	12	11	8	7	297	347	54
ep025	tibullus	epent	111	636	46	74	68	30	32	49	4	19	7	7	3	274	341	47
eh070	catullus	ehex	135	719	46	76	66	40	42	63	10	14	11	13	10	307	395	55
ep053	propertius	epent	118	638	45	73	70	23	33	51	12	17	5	8	5	287	330	46
eh032	ovid	ehex	141	747	48	94	66	30	51	55	12	13	4	7	6	331	385	55
eh062	propertius	ehex	127	717	58	90	61	35	31	56	17	17	6	9	5	321	380	53
em113	propertius	emixed	131	668	47	77	61	33	39	47	10	15	5	7	3	300	355	44
eh022	tibullus	ehex	134	726	40	95	60	37	46	52	11	15	8	7	7	319	386	58
ep074	catullus	epent	116	620	33	59	80	42	34	54	5	10	7	8	5	273	330	62
em116	propertius	emixed	127	681	37	78	84	26	41	61	7	11	7	5	13	296	364	49
eh017	tibullus	ehex	133	727	52	81	76	33	51	59	7	13	5	10	11	313	392	50
ep050	propertius	epent	115	608	46	71	70	31	28	46	12	10	6	6	3	282	311	49
em029	martial	emixed	131	699	38	80	78	33	42	59	13	11	9	8	5	307	366	51
ep078	catullus	epent	124	617	36	78	47	24	30	41	9	13	6	8	2	277	324	68
ep004	martial	epent	121	622	41	79	63	47	30	46	9	15	8	7	2	272	329	46
em143	catullus	emixed	136	711	33	62	66	45	51	48	3	9	11	9	7	303	381	51
ep038	ovid	epent	123	625	41	66	59	29	43	56	6	16	3	3	5	277	335	42
ep036	ovid	epent	121	631	35	67	66	25	36	61	4	12	5	2	9	280	330	42
eh049	propertius	ehex	139	701	50	86	68	40	56	52	14	17	8	8	6	304	376	52
em149	catullus	emixed	125	654	30	68	68	53	49	45	9	10	10	14	7	290	346	53
ep061	propertius	epent	118	637	48	71	81	36	39	52	5	9	8	7	7	279	333	49
ep007	martial	epent	121	627	36	73	68	17	36	67	6	8	3	3	7	274	341	46
em125	propertius	emixed	124	676	36	73	83	28	42	49	7	11	5	4	6	296	352	55
eh047	ovid	ehex	130	736	49	81	85	40	42	72	13	12	8	6	6	317	393	53
eh000	martial	ehex	133	721	55	83	83	30	47	53	9	15	5	8	9	319	384	48
em121	propertius	emixed	131	673	50	80	77	31	33	57	7	21	4	5	9	302	341	53
eh068	catullus	ehex	137	730	41	84	63	40	41	45	12	15	16	5	8	306	391	51
em009	martial	emixed	129	685	47	75	70	35	42	59	13	9	4	10	5	301	365	48
em156	catullus	emixed	137	669	42	84	48	38	37	55	13	14	7	6	4	284	358	63
em043	tibullus	emixed	132	712	47	92	71	23	37	53	14	15	4	4	5	324	366	53
ep017	tibullus	epent	116	640	33	77	63	19	38	59	4	11	5	1	11	281	333	45
em011	martial	emixed	118	680	42	74	60	42	32	60	11	9	14	8	5	288	373	50
eh028	tibullus	ehex	141	741	41	98	72	47	38	54	7	15	11	10	5	329	393	59
em070	ovid	emixed	129	663	49	75	53	31	34	45	4	15	5	5	5	295	343	46
eh043	ovid	ehex	136	757	52	98	82	39	32	65	13	18	6	9	4	324	404	51
em057	tibullus	emixed	129	674	36	90	54	40	41	62	10	9	7	12	10	298	356	53
ep031	tibullus	epent	124	657	51	72	74	29	40	55	8	19	5	8	4	289	352	48
ep022	tibullus	epent	119	632	39	78	68	27	48	50	14	14	2	4	5	277	337	43
ep009	martial	epent	121	616	35	74	58	23	36	52	13	11	4	4	4	273	325	44
em005	martial	emixed	143	706	52	86	65	27	32	60	14	21	6	8	8	298	384	42
eh001	martial	ehex	126	735	45	72	75	35	34	60	5	12	7	6	6	308	401	54
eh014	martial	ehex	133	726	49	91	76	28	43	62	13	15	6	5	12	313	383	60
ep044	ovid	epent	122	631	37	73	64	28	36	52	7	10	8	3	1	284	329	45
em080	ovid	emixed	130	694	39	80	66	35	45	51	7	10	9	7	5	297	376	44
em150	catullus	emixed	131	688	41	71	52	38	49	56	14	14	5	9	8	292	372	51
eh003	martial	ehex	137	739	54	83	67	32	47	70	12	17	2	13	7	315	403	49
em085	ovid	emixed	138	688	47	73	74	31	40	74	9	16	4	9	10	298	366	48
em053	tibullus	emixed	129	676	48	76	74	37	39	48	6	15	8	11	4	299	360	53
em015	martial	emixed	126	676	43	84	66	38	33	54	9	16	5	7	4	297	355	50
em018	martial	emixed	128	673	44	74	67	34	36	49	11	14	6	8	4	296	357	50
em139	catullus	emixed	125	661	43	87	59	50	32	50	15	17	7	9	5	293	352	51
ep035	ovid	epent	121	625	42	60	60	23	33	59	5	12	3	5	7	282	329	43
ep056	propertius	epent	110	624	45	63	87	25	45	46	13	9	2	5	8	278	325	50
em041	tibullus	emixed	129	669	52	89	63	40	36	63	15	19	7	10	6	301	349	49
ep051	propertius	epent	112	604	41	76	70	29	29	57	11	10	3	5	1	277	310	49
em096	propertius	emixed	135	677	43	85	77	39	36	63	14	18	6	5	8	300	351	47
eh037	ovid	ehex	137	725	46	86	69	41	38	49	11	9	7	7	8	319	381	52
em022	martial	emixed	130	682	40	67	82	38	47	52	6	12	6	7	10	290	372	48
em001	martial	emixed	118	681	51	79	58	32	42	47	9	14	6	8	5	298	358	52
eh051	propertius	ehex	130	705	45	83	75	36	43	68	11	14	7	9	12	308	375	53
em117	propertius	emixed	124	648	42	82	75	37	37	53	13	16	7	7	6	299	330	53
em048	tibullus	emixed	134	689	56	89	68	28	37	58	7	25	5	5	3	295	371	48
em130	catullus	emixed	122	684	40	73	79	34	43	56	12	14	8	13	5	300	362	57
em144	catullus	emixed	127	706	53	70	68	38	29	59	10	19	11	12	6	302	375	50
em105	propertius	emixed	121	661	42	76	73	36	37	58	8	15	7	9	8	294	345	46
eh078	catullus	ehex	151	740	32	93	73	48	48	64	5	9	11	13	5	317	397	57
eh044	ovid	ehex	134	776	55	87	74	33	42	60	13	10	2	8	15	332	410	52
eh019	tibullus	ehex	133	725	39	94	65	30	47	61	7	15	6	9	6	320	385	49
ep002	martial	epent	124	630	40	60	75	30	27	58	6	15	5	4	3	283	324	47
ep015	martial	epent	121	607	39	75	53	24	33	54	6	14	4	7	4	268	326	45
eh074	catullus	ehex	135	722	46	82	62	56	32	54	13	12	13	10	4	307	387	56
em084	ovid	emixed	128	693	48	92	65	32	35	54	7	22	4	5	5	313	357	48
em101	propertius	emixed	125	676	47	68	77	26	44	72	9	17	5	7	6	291	363	52
ep010	martial	epent	121	613	41	71	66	28	33	47	12	13	5	5	5	277	314	45
ep026	tibullus	epent	125	644	32	81	74	21	39	55	6	13	0	4	7	288	336	43
em014	martial	emixed	128	654	48	82	64	26	42	62	11	22	6	6	4	284	349	48
ep027	tibullus	epent	116	630	44	69	63	31	34	63	11	17	4	8	5	274	340	48
em155	catullus	emixed	132	666	37	81	61	43	43	41	10	11	14	7	3	310	332	61
eh063	propertius	ehex	135	711	51	89	71	38	54	60	14	13	7	10	8	304	386	51
em089	ovid	emixed	127	673	42	75	67	36	38	57	6	9	8	7	8	287	367	47
eh055	propertius	ehex	131	725	54	74	86	28	44	57	10	19	7	9	9	311	389	51
ep075	catullus	epent	120	635	36	64	63	34	32	57	5	10	6	11	4	280	337	58
em049	tibullus	emixed	129	695	50	95	63	29	42	52	11	23	6	4	4	301	369	51
ep003	martial	epent	120	633	40	77	61	30	30	48	7	13	2	5	6	270	331	42
ep065	catullus	epent	117	618	41	63	69	45	30	55	8	15	5	11	3	271	338	56
em077	ovid	emixed	130	691	43	86	75	40	44	59	13	11	7	9	8	310	361	47
em112	propertius	emixed	131	658	48	81	76	35	44	54	10	20	2	3	3	294	344	47
ep040	ovid	epent	119	623	45	82	59	29	28	55	11	18	5	4	4	284	317	46
em046	tibullus	emixed	131	676	47	88	65	26	34	59	9	15	4	4	8	288	360	44
ep070	catullus	epent	115	633	45	78	57	26	34	54	12	21	4	8	2	278	326	61
em023	martial	emixed	131	666	41	79	56	27	30	54	5	17	6	8	3	301	348	47
em065	ovid	emixed	137	689	53	78	70	24	48	58	8	11	1	4	8	294	374	41
ep079	catullus	epent	113	620	36	69	55	36	31	54	9	12	7	11	4	265	335	70
ep011	martial	epent	122	623	40	74	68	20	31	53	4	16	5	2	1	271	328	50
eh002	martial	ehex	136	725	40	78	73	25	60	50	5	12	5	6	3	314	386	49
em099	propertius	emixed	130	663	49	81	72	38	44	53	8	26	3	13	7	291	344	49
em091	ovid	emixed	129	658	33	71	83	34	26	57	7	9	2	9	3	296	329	49
eh031	tibullus	ehex	127	720	46	83	66	34	32	49	13	10	7	7	2	304	384	54
eh059	propertius	ehex	131	703	49	77	83	36	41	70	9	5	8	6	7	302	367	57
eh016	tibullus	ehex	142	739	56	95	72	24	51	65	11	15	3	8	12	312	401	53
em033	tibullus	emixed	126	696	38	81	74	34	45	64	6	6	7	7	6	298	373	53
em056	tibullus	emixed	120	675	42	100	69	30	42	57	9	23	5	7	8	303	348	47
em021	martial	emixed	130	674	32	78	57	25	36	51	7	13	7	5	3	285	358	49
ep037	ovid	epent	114	618	41	74	64	27	41	49	9	10	3	4	8	276	321	44
eh027	tibullus	ehex	151	757	40	101	70	39	45	57	5	17	5	7	4	328	397	51
ep034	ovid	epent	124	636	33	73	63	28	28	57	9	8	5	7	2	275	339	40
ep008	martial	epent	118	610	39	74	62	28	26	43	8	14	2	7	4	272	325	47
em061	tibullus	emixed	125	668	42	80	69	24	35	56	8	13	3	6	5	288	357	47
ep043	ovid	epent	118	632	37	83	61	23	26	53	3	14	2	5	5	278	326	44
ep039	ovid	epent	123	617	32	81	65	28	36	46	7	11	4	3	4	269	324	43
ep021	tibullus	epent	117	618	41	80	66	27	32	55	4	16	2	7	4	285	317	44
ep030	tibullus	epent	116	639	39	93	58	26	29	53	12	15	5	6	4	281	334	46
em030	martial	emixed	122	649	50	79	57	26	35	50	11	18	5	7	4	288	353	46
eh065	catullus	ehex	141	733	44	73	72	50	50	57	11	12	13	15	9	307	394	50
em052	tibullus	emixed	128	663	42	90	62	24	30	62	7	23	3	5	6	304	343	46
em090	ovid	emixed	139	700	51	83	57	22	31	46	8	18	1	6	5	302	359	49
em034	tibullus	emixed	121	681	43	83	69	34	40	62	10	20	5	10	10	292	376	51
em028	martial	emixed	118	666	53	76	67	24	32	52	8	17	1	7	4	296	355	55
em132	catullus	emixed	131	686	33	70	55	42	42	65	6	9	9	9	10	301	367	59
em124	propertius	emixed	122	652	41	70	79	22	41	50	3	9	3	2	7	295	332	50
em094	ovid	emixed	130	710	51	88	68	44	27	63	14	16	8	12	3	305	375	56
eh071	catullus	ehex	142	748	45	80	75	51	51	55	13	14	15	9	8	322	393	50
em146	catullus	emixed	116	671	41	75	65	30	35	45	7	14	3	9	5	304	344	64
eh033	ovid	ehex	137	750	52	89	67	42	40	51	9	18	6	13	5	317	398	53
em072	ovid	emixed	130	677	50	77	77	34	26	62	8	11	9	5	2	303	353	51
eh040	ovid	ehex	136	747	57	84	78	29	40	60	15	11	6	5	6	320	402	51
em017	martial	emixed	125	664	38	81	63	27	39	53	13	11	6	6	5	284	358	46
em073	ovid	emixed	127	691	45	69	84	32	42	57	6	14	5	7	5	295	369	45
em120	propertius	emixed	122	685	53	85	61	29	43	55	10	18	9	3	8	306	359	58
eh057	propertius	ehex	134	714	51	78	80	39	45	58	11	18	13	7	5	309	380	53
ep069	catullus	epent	115	633	35	69	66	31	33	43	11	8	7	7	2	278	335	63
em081	ovid	emixed	131	696	42	98	63	27	46	56	10	15	2	8	7	297	369	45
em002	martial	emixed	123	675	45	61	71	28	40	48	7	9	2	8	3	297	365	49
em076	ovid	emixed	138	693	50	78	67	30	41	48	8	13	4	3	5	304	365	46
em042	tibullus	emixed	122	690	48	95	73	36	42	55	9	14	9	5	9	303	367	49
em088	ovid	emixed	131	689	37	79	60	30	45	46	8	10	9	4	1	310	358	47
ep018	tibullus	epent	128	636	44	82	62	31	33	53	7	17	6	4	6	272	348	44
em006	martial	emixed	120	697	49	83	73	27	34	47	9	19	9	5	6	302	364	55
ep001	martial	epent	123	625	51	75	54	27	33	47	13	16	3	7	3	277	328	44
em068	ovid	emixed	123	674	45	72	64	27	44	59	11	18	4	7	7	293	359	48
eh009	martial	ehex	135	720	51	78	67	38	40	63	10	16	7	12	7	314	390	60
ep066	catullus	epent	120	639	33	70	57	23	33	60	6	7	2	12	5	286	336	59
em145	catullus	emixed	131	672	41	71	91	33	41	46	10	11	9	10	7	302	347	49
eh064	catullus	ehex	140	734	43	95	60	46	47	58	17	10	8	14	7	321	384	50
em083	ovid	emixed	130	688	52	93	69	28	35	56	17	20	3	5	5	312	354	50
eh034	ovid	ehex	136	741	49	87	75	54	38	60	11	11	6	11	10	323	397	51
eh024	tibullus	ehex	135	722	47	92	68	28	46	59	10	19	6	5	7	312	386	45
em127	propertius	emixed	124	671	42	81	71	33	39	54	10	16	6	8	8	295	357	50
em106	propertius	emixed	132	664	46	84	73	21	43	52	10	13	1	7	5	296	350	45
ep028	tibullus	epent	117	646	41	81	66	21	41	65	7	20	2	5	6	287	348	52
eh006	martial	ehex	139	722	43	91	61	41	41	59	13	14	6	11	5	308	395	51
em010	martial	emixed	122	644	41	64	67	33	46	51	4	6	7	6	7	289	338	55
em111	propertius	emixed	133	686	51	78	74	33	35	59	12	16	8	5	9	302	355	53
em097	propertius	emixed	133	710	49	85	95	36	42	56	10	12	10	7	4	308	374	47
em109	propertius	emixed	132	681	37	72	67	42	33	55	12	12	11	9	4	310	350	54
em141	catullus	emixed	130	668	33	68	54	37	42	50	9	11	7	12	0	304	342	55
eh077	catullus	ehex	150	748	39	90	59	44	47	61	15	13	13	4	9	322	402	53
ep046	ovid	epent	120	635	41	75	54	33	34	55	10	10	3	5	6	274	339	42
eh015	martial	ehex	133	725	39	90	66	43	38	57	7	16	7	11	3	319	385	54
em045	tibullus	emixed	131	684	42	86	79	37	43	60	9	17	7	5	6	296	369	48
ep006	martial	epent	120	631	48	65	62	27	42	59	11	15	5	10	10	276	334	48
em135	catullus	emixed	129	668	47	71	51	50	38	49	10	20	12	11	2	287	358	52
em064	ovid	emixed	131	688	40	80	78	39	43	60	2	14	8	12	6	297	371	41
ep020	tibullus	epent	126	626	34	92	68	27	43	51	6	12	7	4	3	280	333	44
eh058	propertius	ehex	136	713	58	82	85	36	34	60	11	13	5	7	13	305	380	50
em119	propertius	emixed	123	671	45	71	71	30	29	51	10	12	5	5	3	297	355	56
ep024	tibullus	epent	119	633	50	89	66	35	36	45	15	13	4	7	4	277	340	46
em003	martial	emixed	138	709	48	87	77	36	39	53	11	15	7	7	2	299	378	45
em102	propertius	emixed	119	674	53	76	73	24	37	56	10	11	7	1	8	295	355	54
ep047	ovid	epent	129	624	43	86	63	19	39	53	9	19	1	3	5	275	329	40
em013	martial	emixed	129	653	42	75	62	17	32	50	10	16	4	3	3	298	334	44
ep014	martial	epent	122	619	47	85	56	14	27	49	10	20	3	3	4	260	337	45
em123	propertius	emixed	123	646	52	76	79	28	41	54	9	14	4	7	5	289	342	50
ep060	propertius	epent	121	619	44	78	68	29	39	52	10	16	2	7	6	277	322	45
eh030	tibullus	ehex	129	719	46	103	74	24	37	45	16	17	5	5	4	319	371	51
ep055	propertius	epent	123	630	41	67	66	20	52	53	3	15	5	4	3	275	339	47
eh052	propertius	ehex	135	722	47	70	93	49	53	65	10	15	8	9	11	313	383	49
ep029	tibullus	epent	120	623	34	84	64	24	32	52	6	13	5	2	5	284	320	45
em024	martial	emixed	128	674	43	75	62	31	35	54	11	17	7	8	3	301	357	52
ep023	tibullus	epent	121	638	46	77	63	22	43	48	7	19	2	3	9	284	339	48
eh066	catullus	ehex	147	719	42	71	78	44	44	64	5	12	9	8	4	311	386	47
ep067	catullus	epent	120	617	44	78	61	38	32	49	8	17	11	8	5	280	321	62
ep059	propertius	epent	120	638	46	76	64	38	32	46	6	14	6	9	4	280	338	47
em027	martial	emixed	127	661	35	91	58	34	44	56	4	12	6	8	4	293	350	49
em063	tibullus	emixed	125	696	45	85	67	30	47	62	8	17	5	7	10	299	373	48
eh026	tibullus	ehex	137	717	41	88	60	28	49	55	13	14	6	3	7	307	391	47
eh020	tibullus	ehex	142	737	44	94	76	35	44	61	10	16	12	6	6	317	387	50
eh041	ovid	ehex	137	723	47	83	57	46	45	52	10	14	5	10	5	311	394	56
ep057	propertius	epent	125	621	36	63	79	37	35	53	3	11	7	4	2	279	323	49
ep042	ovid	epent	124	632	38	63	64	28	30	55	7	9	2	11	4	280	333	42
em110	propertius	emixed	126	630	48	80	75	22	37	48	11	14	4	1	10	286	324	49
eh038	ovid	ehex	147	735	43	90	73	26	44	61	10	9	3	5	8	322	392	49
ep016	tibullus	epent	121	642	45	80	61	28	35	48	5	17	5	6	4	284	340	45
ep000	martial	epent	122	635	34	72	59	26	36	39	12	14	4	7	5	278	330	42
em067	ovid	emixed	129	710	50	88	88	25	32	63	8	16	8	3	7	308	370	47
eh056	propertius	ehex	138	698	43	82	70	29	52	56	12	13	4	6	6	303	378	50
ep072	catullus	epent	110	619	50	69	56	30	32	51	11	21	5	8	5	283	321	69
eh046	ovid	ehex	135	754	32	92	79	41	50	58	9	8	9	7	8	319	401	52
ep073	catullus	epent	113	620	42	83	50	30	27	46	13	16	2	3	3	280	323	63
eh012	martial	ehex	133	732	61	95	68	38	39	53	14	21	11	9	4	318	388	50
em128	catullus	emixed	131	682	42	75	60	39	45	53	11	10	6	8	6	313	346	55
em158	catullus	emixed	130	685	47	83	63	51	37	53	12	15	10	10	4	297	369	63
em093	ovid	emixed	133	722	50	91	65	32	52	48	8	13	9	3	3	308	381	53
em039	tibullus	emixed	117	667	33	88	59	24	32	43	9	9	5	1	2	302	345	48
em016	martial	emixed	124	680	40	72	71	32	37	64	7	6	4	8	7	292	368	56
ep019	tibullus	epent	113	640	47	85	65	32	41	49	12	17	9	5	9	286	338	47
ep076	catullus	epent	113	606	36	66	65	30	34	56	8	15	5	4	6	269	317	66
em062	tibullus	emixed	131	702	49	94	71	26	35	62	7	15	5	6	10	302	375	44
em154	catullus	emixed	125	667	43	78	62	37	52	56	12	14	4	12	8	299	343	55
eh011	martial	ehex	128	731	44	79	77	26	49	61	9	14	3	8	12	315	398	59
em153	catullus	emixed	128	686	39	70	61	42	36	54	7	11	13	11	4	294	369	59
em087	ovid	emixed	134	693	51	89	73	31	35	54	12	18	9	2	7	300	371	44
em098	propertius	emixed	126	684	45	74	72	36	36	59	7	19	8	7	9	292	373	46
ep077	catullus	epent	121	632	39	76	63	35	35	54	10	13	7	9	3	295	315	59
eh076	catullus	ehex	135	738	46	82	65	35	48	54	18	14	5	9	10	331	378	51
em159	catullus	emixed	125	684	48	82	56	35	30	57	12	17	6	11	3	297	379	63
ep052	propertius	epent	125	619	48	83	67	31	41	53	11	16	4	6	4	282	326	46
ep049	propertius	epent	117	619	44	76	71	24	33	49	8	13	3	3	3	284	315	44
eh073	catullus	ehex	147	725	34	75	63	54	50	71	9	14	9	12	10	306	389	50
ep054	propertius	epent	119	636	51	74	61	33	30	51	11	14	6	10	4	280	335	47
em115	propertius	emixed	125	670	45	82	67	36	32	52	8	18	9	4	6	303	348	52
em036	tibullus	emixed	125	675	44	75	82	35	43	59	3	18	10	6	4	291	364	47
em007	martial	emixed	132	697	44	83	76	29	43	49	11	9	2	8	5	301	370	47
em147	catullus	emixed	126	680	34	74	74	45	33	57	7	14	11	13	7	301	357	62
em025	martial	emixed	134	676	36	80	59	23	51	51	13	7	2	9	4	293	356	45
em079	ovid	emixed	132	691	57	82	70	31	38	59	7	17	9	5	7	303	365	48
em133	catullus	emixed	123	655	41	69	65	35	39	55	10	14	6	8	7	280	353	55
eh069	catullus	ehex	139	734	40	82	54	45	50	52	9	10	6	10	5	308	405	50
eh018	tibullus	ehex	142	748	41	88	65	35	39	71	7	19	6	9	4	317	404	53
em071	ovid	emixed	136	668	42	92	67	35	30	59	8	13	4	9	1	294	356	49
em148	catullus	emixed	127	660	38	77	55	37	40	52	9	11	3	13	5	283	362	63
ep058	propertius	epent	121	643	50	68	78	29	35	50	9	19	6	11	2	273	347	44
em075	ovid	emixed	122	686	47	90	58	35	30	49	15	13	5	11	5	305	358	53
em020	martial	emixed	130	713	50	102	68	37	47	60	12	15	5	6	5	302	388	54
eh008	martial	ehex	132	736	50	70	75	31	40	56	7	15	7	9	5	311	397	54
em157	catullus	emixed	137	691	35	95	73	36	50	66	13	11	8	8	9	295	370	60
eh023	tibullus	ehex	145	730	47	93	76	31	34	60	10	18	7	7	7	321	388	48
em060	tibullus	emixed	129	677	32	78	81	32	46	62	4	13	5	10	4	298	359	51
em107	propertius	emixed	128	684	36	80	84	29	41	65	2	7	9	3	10	307	352	48
em050	tibullus	emixed	122	661	43	67	90	30	38	53	3	14	2	8	5	302	341	50
eh045	ovid	ehex	140	754	40	85	72	40	45	69	5	9	13	11	5	317	407	49
ep062	propertius	epent	123	628	29	77	67	25	41	60	7	8	5	2	5	275	329	46
eh035	ovid	ehex	133	723	40	62	83	36	37	53	8	8	7	11	5	316	384	56
em134	catullus	emixed	125	677	47	99	70	35	34	51	15	19	4	11	6	299	347	57
em055	tibullus	emixed	124	656	41	75	71	35	41	52	10	14	6	10	7	293	342	47
em054	tibullus	emixed	128	688	44	97	60	32	43	48	8	20	6	5	6	301	371	49
ep012	martial	epent	131	631	46	69	71	28	24	45	9	18	7	3	3	272	335	45
em126	propertius	emixed	127	682	49	88	64	34	45	58	13	16	4	10	5	299	362	53
eh005	martial	ehex	136	741	41	83	73	35	39	58	11	16	7	9	5	317	396	53
em118	propertius	emixed	126	660	47	75	65	30	36	65	14	14	4	7	4	286	358	46
em037	tibullus	emixed	131	676	54	71	80	31	37	58	6	18	7	5	5	300	359	48
em108	propertius	emixed	134	679	48	74	70	36	45	58	10	17	6	15	9	299	356	50
ep033	ovid	epent	126	626	35	77	71	25	42	49	5	11	2	6	0	279	325	44
em114	propertius	emixed	126	679	46	72	70	35	37	64	10	12	9	8	4	303	357	53
em012	martial	emixed	125	676	40	66	65	25	31	60	6	10	3	5	8	282	371	44
em138	catullus	emixed	128	674	43	89	55	45	34	51	13	17	12	5	6	302	356	54
ep063	propertius	epent	117	608	35	68	56	28	24	59	8	11	3	3	3	272	323	45
em031	martial	emixed	133	663	43	83	60	26	35	46	13	13	6	6	0	295	353	50
em142	catullus	emixed	122	674	38	78	63	45	34	53	10	14	7	13	7	292	360	61
eh060	propertius	ehex	127	710	50	74	87	37	48	53	10	15	7	10	9	316	364	54
ep013	martial	epent	119	637	35	80	65	22	35	46	10	7	1	6	6	279	333	50
eh021	tibullus	ehex	142	732	47	90	65	37	51	59	11	18	10	5	8	319	391	57
ep005	martial	epent	121	622	34	57	65	23	36	64	7	7	3	3	9	273	332	41
em140	catullus	emixed	127	666	44	75	68	35	34	64	7	12	7	12	7	295	352	66
em044	tibullus	emixed	129	672	42	86	74	25	29	69	8	9	5	5	10	293	355	44
em051	tibullus	emixed	135	702	37	78	56	34	47	65	10	13	9	8	7	302	378	49
ep048	propertius	epent	122	632	38	58	66	23	36	49	4	15	1	5	3	291	326	49
em103	propertius	emixed	131	669	50	76	79	25	37	54	11	21	6	4	3	295	354	47
