sample author meter wc wl c_r c_e c_a c_m c_n c_t c_re c_er c_am c_um c_nt con vow fin date
sh156 statius hex 130 754 61 96 61 36 50 70 13 16 2 12 5 321 417 54 63
sh076 vergil hex 129 728 59 83 73 44 46 45 15 12 7 14 7 314 382 52 102
sh184 horace hex 124 725 55 82 69 40 40 48 18 15 2 15 6 318 390 48 80
sh135 juvenal hex 136 745 37 78 70 47 40 63 10 12 12 10 5 319 401 49 8
sh176 lucan hex 127 749 52 81 76 33 40 72 12 16 9 7 7 311 404 53 -28
sh115 juvenal hex 133 747 44 77 81 29 50 79 7 9 5 7 16 317 409 52 8
sh197 horace hex 130 731 54 88 58 36 48 56 15 14 6 13 7 314 390 51 80
sh173 lucan hex 126 734 54 100 68 38 35 73 15 21 6 9 7 315 395 54 -28
sh064 ovid hex 129 735 52 92 74 43 48 56 11 13 6 11 6 318 381 49 -30
sh002 valerius_flaccus hex 136 751 48 97 82 28 54 67 10 13 3 8 12 323 394 54 -55
sh048 ovid hex 137 747 43 88 74 35 45 61 11 17 5 9 12 323 397 51 -30
sh010 valerius_flaccus hex 132 757 50 99 78 27 43 61 12 15 6 7 8 326 395 51 -55
sh086 vergil hex 131 766 57 104 70 34 43 53 15 24 8 10 5 335 399 48 102
sh183 lucan hex 125 739 56 90 71 43 41 60 13 18 7 9 10 308 410 50 -28
sh085 vergil hex 127 729 51 84 58 32 49 63 13 13 3 6 15 315 392 56 102
sh013 valerius_flaccus hex 133 766 50 96 64 36 54 57 13 10 6 10 9 322 407 48 -55
sh229 catullus hex 126 726 47 109 70 34 53 58 11 18 3 4 12 320 378 53 -54
sh194 horace hex 137 740 61 98 64 41 36 62 16 14 5 11 3 307 403 52 80
sh149 statius hex 135 745 51 105 61 35 54 62 10 16 3 5 11 330 398 52 63
sh169 lucan hex 132 737 45 74 71 35 52 47 8 9 5 10 8 317 384 56 -28
sh053 ovid hex 137 753 44 105 62 38 44 63 12 18 8 13 8 335 392 47 -30
sh163 lucan hex 133 730 42 94 71 37 48 58 8 12 7 9 9 306 396 48 -28
sh122 juvenal hex 129 725 44 87 64 39 49 68 9 9 5 13 10 304 396 50 8
sh100 lucretius hex 129 735 62 77 77 41 47 64 15 16 5 12 9 314 391 57 -19
sh126 juvenal hex 135 732 46 80 78 34 38 69 10 14 6 9 6 314 396 46 8
sh145 statius hex 128 756 55 102 66 31 53 53 12 16 4 6 8 327 406 54 63
sh208 catullus hex 120 727 58 96 77 35 51 74 11 18 6 11 12 310 396 50 -54
sh225 catullus hex 123 736 48 95 69 34 44 68 12 15 7 6 10 311 391 48 -54
sh042 silius_italicus hex 126 754 61 82 74 31 46 50 13 21 5 11 7 318 407 48 99
sh081 vergil hex 126 752 57 93 73 40 44 56 12 12 12 4 8 313 411 53 102
sh114 lucretius hex 135 740 51 103 58 45 47 54 11 16 4 13 7 328 382 61 -19
sh143 statius hex 129 758 50 85 79 32 46 61 5 12 4 11 13 326 402 50 63
sh179 lucan hex 124 730 51 85 71 42 39 61 11 15 8 10 9 312 397 47 -28
sh167 lucan hex 122 734 49 97 72 42 38 60 14 16 4 10 3 321 386 51 -28
sh016 valerius_flaccus hex 125 737 46 75 68 34 40 60 10 13 6 9 6 319 390 51 -55
sh018 valerius_flaccus hex 134 756 45 83 82 32 40 69 9 12 5 9 4 324 402 48 -55
sh138 statius hex 138 756 49 92 67 43 48 73 10 18 10 12 9 324 411 52 63
sh205 horace hex 143 751 46 93 64 44 46 70 9 17 10 12 13 327 404 49 80
sh000 valerius_flaccus hex 139 751 54 90 74 35 46 58 13 13 11 9 4 342 384 45 -55
sh107 lucretius hex 134 723 50 83 75 36 45 65 12 18 6 10 4 315 380 47 -19
sh072 vergil hex 132 734 46 69 75 46 53 57 11 6 7 12 12 319 392 49 102
sh056 ovid hex 141 746 54 88 75 35 48 64 16 14 8 9 9 333 392 46 -30
sh207 catullus hex 123 728 57 87 68 30 56 69 14 15 7 8 14 313 398 54 -54
sh202 horace hex 122 694 47 82 50 31 38 56 10 22 3 11 6 300 367 50 80
sh221 catullus hex 121 710 46 90 60 35 48 49 8 12 9 7 5 299 379 53 -54
sh119 juvenal hex 132 707 47 84 79 30 43 74 12 17 5 5 5 307 378 50 8
sh067 ovid hex 127 751 42 82 63 38 47 66 7 9 3 14 9 321 402 50 -30
sh083 vergil hex 130 743 40 76 82 40 42 65 8 9 4 11 9 320 391 47 102
sh030 silius_italicus hex 127 741 52 92 72 34 48 56 9 14 3 13 11 326 394 57 99
sh041 silius_italicus hex 122 727 64 85 72 35 50 53 17 19 4 11 7 310 399 50 99
sh128 juvenal hex 132 740 50 89 68 31 38 64 8 13 8 7 7 307 404 41 8
sh045 silius_italicus hex 129 731 54 83 76 34 43 69 10 13 5 9 7 309 400 49 99
sh087 vergil hex 125 772 51 102 74 40 43 57 8 13 5 11 9 329 407 48 102
sh105 lucretius hex 134 734 46 89 69 42 47 65 12 19 6 6 15 319 395 62 -19
sh117 juvenal hex 142 750 43 90 68 43 37 72 10 16 9 10 7 317 402 48 8
sh192 horace hex 136 743 43 91 51 45 42 59 10 16 6 15 4 316 389 50 80
sh050 ovid hex 140 750 43 97 72 39 32 58 15 13 10 10 9 323 395 53 -30
sh210 catullus hex 120 727 51 107 57 25 51 63 12 13 3 4 13 306 393 57 -54
sh003 valerius_flaccus hex 138 753 54 95 80 34 40 66 15 16 5 5 10 325 396 46 -55
sh090 vergil hex 129 738 61 91 74 41 42 59 17 14 5 9 12 321 393 53 102
sh161 lucan hex 131 735 50 89 65 34 44 57 6 12 1 13 9 306 400 50 -28
sh166 lucan hex 128 748 51 89 69 33 53 67 11 14 7 14 11 316 403 54 -28
sh005 valerius_flaccus hex 141 768 71 85 73 30 33 54 17 17 5 6 6 333 412 46 -55
sh155 statius hex 125 755 43 90 79 27 58 65 10 10 1 7 11 322 407 50 63
sh113 lucretius hex 137 746 58 88 73 30 51 67 12 20 5 8 14 320 399 47 -19
sh065 ovid hex 138 756 45 107 64 43 50 58 10 19 7 10 2 317 398 56 -30
sh224 catullus hex 119 724 49 99 73 31 44 61 15 13 8 8 16 296 385 55 -54
sh171 lucan hex 118 738 48 88 78 23 41 55 10 9 4 6 8 315 391 52 -28
sh209 catullus hex 121 726 53 89 65 28 49 57 16 11 7 5 6 308 393 52 -54
sh021 valerius_flaccus hex 134 769 46 99 74 38 48 57 10 18 9 11 7 337 406 52 -55
sh074 vergil hex 123 732 55 92 66 39 36 71 14 17 6 7 11 313 397 53 102
sh217 catullus hex 120 742 53 97 57 28 40 69 15 20 3 10 9 322 400 50 -54
sh180 lucan hex 121 739 50 84 66 34 35 61 5 11 4 7 9 318 396 46 -28
sh165 lucan hex 132 732 54 99 63 36 46 58 13 12 3 6 9 300 404 51 -28
sh037 silius_italicus hex 132 751 55 87 87 27 44 71 10 13 4 3 11 323 398 53 99
sh009 valerius_flaccus hex 133 746 63 100 75 36 49 55 10 22 9 4 11 324 398 50 -55
sh102 lucretius hex 132 743 56 86 65 47 52 67 16 23 7 16 14 304 408 53 -19
sh035 silius_italicus hex 129 743 53 94 73 43 34 69 10 18 8 13 11 323 397 47 99
sh121 juvenal hex 126 718 39 59 70 35 41 61 9 8 5 12 9 313 381 52 8
sh219 catullus hex 121 725 62 95 64 42 49 60 12 20 4 13 9 318 395 50 -54
sh103 lucretius hex 133 736 62 86 68 52 38 61 14 15 6 12 10 319 391 55 -19
sh199 horace hex 133 739 49 81 58 42 48 63 10 18 8 12 5 327 396 45 80
sh204 horace hex 136 754 52 105 53 32 45 69 17 17 5 10 8 323 403 54 80
sh177 lucan hex 130 730 54 89 78 33 44 72 15 13 8 8 8 314 390 50 -28
sh141 statius hex 130 747 55 98 73 35 40 55 18 13 6 7 11 327 394 46 63
sh079 vergil hex 129 751 44 90 73 32 51 66 7 13 6 8 6 328 397 51 102
sh188 horace hex 129 730 48 86 69 26 43 63 10 17 3 5 8 317 380 51 80
sh092 lucretius hex 142 746 56 89 72 36 43 61 15 14 5 8 10 314 398 58 -19
sh059 ovid hex 124 730 40 86 67 31 51 53 8 12 3 13 9 321 376 53 -30
sh077 vergil hex 131 741 53 109 59 43 49 55 9 14 6 13 6 322 389 53 102
sh212 catullus hex 123 719 47 84 64 31 43 51 11 16 3 6 5 312 377 55 -54
sh095 lucretius hex 138 749 56 94 64 43 49 54 15 15 5 10 13 326 391 60 -19
sh215 catullus hex 123 724 57 91 64 40 44 60 13 11 8 9 12 309 398 56 -54
sh089 vergil hex 133 736 52 92 60 32 53 53 11 19 6 9 13 308 400 51 102
sh146 statius hex 124 741 50 91 75 39 53 60 8 19 8 8 14 326 388 54 63
sh152 statius hex 127 735 48 83 64 25 36 58 4 17 3 9 5 321 388 53 63
sh131 juvenal hex 122 747 52 81 76 28 40 70 7 12 8 3 10 327 388 55 8
sh111 lucretius hex 133 749 58 101 61 46 51 63 18 18 11 13 13 319 407 45 -19
sh055 ovid hex 136 734 51 105 66 32 33 67 15 23 5 6 3 323 383 52 -30
sh124 juvenal hex 126 739 52 72 70 41 53 50 13 9 5 13 11 318 393 57 8
sh007 valerius_flaccus hex 137 771 53 91 66 36 38 67 8 15 4 4 10 327 407 53 -55
sh039 silius_italicus hex 125 729 49 75 79 33 44 72 8 9 6 10 9 312 401 51 99
sh071 vergil hex 133 742 53 96 68 38 43 69 12 15 8 6 6 316 408 48 102
sh033 silius_italicus hex 137 740 45 81 73 32 43 57 8 11 5 8 7 320 405 47 99
sh054 ovid hex 125 754 55 104 76 36 42 59 18 20 7 7 11 329 389 52 -30
sh134 juvenal hex 135 746 44 75 82 36 46 72 4 9 6 7 10 315 404 48 8
sh182 lucan hex 121 725 49 79 61 32 50 48 8 13 5 5 7 308 391 55 -28
sh069 vergil hex 134 746 59 94 64 43 35 61 10 18 8 6 4 326 398 52 102
sh052 ovid hex 130 744 46 82 58 35 47 67 12 12 6 11 11 316 401 53 -30
sh206 horace hex 133 726 40 76 58 43 47 57 6 10 9 12 5 314 386 61 80
sh082 vergil hex 127 755 51 93 67 35 50 68 14 20 4 16 13 320 406 55 102
sh168 lucan hex 134 730 50 85 72 35 37 55 14 18 5 6 7 315 388 52 -28
sh178 lucan hex 124 738 62 73 73 38 42 60 11 12 3 15 6 313 403 48 -28
sh001 valerius_flaccus hex 140 764 69 90 77 39 42 62 18 18 9 9 6 332 407 50 -55
sh024 silius_italicus hex 126 732 46 82 72 29 57 56 11 16 7 4 4 306 408 53 99
sh159 statius hex 126 759 37 80 77 38 55 57 6 7 7 4 12 322 409 54 63
sh157 statius hex 128 736 41 86 67 40 53 71 6 9 5 10 9 319 390 53 63
sh123 juvenal hex 131 733 47 93 69 38 38 76 9 15 8 8 8 319 387 52 8
sh222 catullus hex 112 704 39 91 60 40 51 63 6 11 4 12 7 304 377 50 -54
sh226 catullus hex 126 714 47 90 76 39 47 52 10 15 3 11 9 314 375 54 -54
sh186 horace hex 132 713 45 88 60 32 43 59 13 14 9 4 6 310 375 51 80
sh036 silius_italicus hex 125 731 54 85 96 30 39 61 12 13 6 8 4 320 389 51 99
sh008 valerius_flaccus hex 125 766 62 98 65 41 51 50 16 17 8 9 5 321 419 50 -55
sh022 valerius_flaccus hex 133 757 66 69 83 42 41 57 4 19 11 9 9 322 405 45 -55
sh175 lucan hex 130 734 49 77 57 44 52 52 11 9 4 14 5 312 406 56 -28
sh133 juvenal hex 125 744 47 87 79 45 40 60 5 11 10 14 7 318 395 53 8
sh073 vergil hex 131 737 51 89 66 27 52 60 9 13 5 10 11 319 395 52 102
sh214 catullus hex 127 740 43 109 68 39 54 51 16 14 9 9 9 313 390 58 -54
sh185 horace hex 130 740 47 96 62 31 29 67 11 16 7 11 7 314 392 50 80
sh032 silius_italicus hex 119 749 56 88 73 39 44 59 10 15 10 6 13 318 405 54 99
sh027 silius_italicus hex 131 733 50 87 73 34 45 59 12 13 5 6 10 316 394 52 99
sh147 statius hex 130 747 53 89 70 43 47 46 12 14 9 12 5 328 388 50 63
sh139 statius hex 122 752 52 91 61 37 48 73 13 12 2 11 10 317 409 54 63
sh150 statius hex 127 745 48 97 61 39 37 70 10 12 6 11 7 323 397 56 63
sh151 statius hex 126 728 57 77 66 32 40 60 13 16 6 8 7 316 394 53 63
sh043 silius_italicus hex 128 733 53 100 67 32 52 66 19 17 3 9 9 307 406 55 99
sh148 statius hex 123 741 42 85 82 35 58 61 7 13 4 7 12 325 392 49 63
sh112 lucretius hex 139 747 64 99 56 32 50 53 25 18 5 7 7 326 404 48 -19
sh011 valerius_flaccus hex 132 744 55 105 70 36 40 58 17 20 6 7 6 324 391 56 -55
sh097 lucretius hex 131 735 59 91 53 36 46 56 12 18 7 8 5 314 396 57 -19
sh014 valerius_flaccus hex 141 767 55 94 78 41 46 56 18 16 10 12 12 330 408 58 -55
sh170 lucan hex 126 732 48 85 75 37 39 59 6 12 6 12 9 304 403 47 -28
sh025 silius_italicus hex 125 748 62 87 86 33 45 62 16 12 6 6 10 316 401 51 99
sh080 vergil hex 131 752 62 80 71 36 51 60 12 15 8 8 9 314 406 50 102
sh063 ovid hex 126 749 39 93 72 36 42 62 12 11 8 4 10 323 392 59 -30
sh108 lucretius hex 133 746 46 85 76 54 57 46 9 12 15 15 6 323 395 48 -19
sh220 catullus hex 113 709 44 91 66 43 60 53 11 15 8 13 10 308 376 52 -54
sh137 juvenal hex 121 733 45 81 59 35 50 55 9 12 6 6 7 312 396 53 8
sh228 catullus hex 123 713 41 77 82 30 46 59 9 7 5 9 7 308 384 54 -54
sh029 silius_italicus hex 124 739 54 106 67 40 49 59 15 21 8 9 11 321 397 48 99
sh216 catullus hex 117 735 45 92 72 32 55 58 12 11 5 2 9 316 406 53 -54
sh158 statius hex 127 744 60 86 83 45 49 53 12 17 10 4 9 313 394 51 63
sh017 valerius_flaccus hex 142 774 64 100 67 43 58 64 13 20 7 13 7 317 429 49 -55
sh075 vergil hex 138 779 67 110 69 42 51 56 15 23 8 10 12 336 406 57 102
sh198 horace hex 133 712 46 89 56 36 36 58 16 19 6 9 4 307 386 51 80
sh196 horace hex 127 720 44 96 62 43 32 56 15 13 10 8 4 316 381 46 80
sh020 valerius_flaccus hex 127 778 50 103 64 38 48 57 13 19 6 7 12 325 418 50 -55
sh066 ovid hex 131 760 53 99 66 25 39 72 13 19 7 2 11 322 405 53 -30
sh099 lucretius hex 128 726 62 95 72 39 44 38 17 17 9 11 5 308 383 54 -19
sh006 valerius_flaccus hex 131 747 51 94 80 33 38 66 11 18 8 9 7 327 377 50 -55
sh127 juvenal hex 135 733 51 89 57 35 45 70 14 21 5 14 9 312 402 52 8
sh223 catullus hex 124 711 51 90 63 34 36 52 13 7 8 5 7 313 379 50 -54
sh118 juvenal hex 132 729 53 87 77 31 40 58 10 15 1 6 6 323 380 42 8
sh070 vergil hex 129 747 53 89 68 37 51 52 15 15 6 8 14 334 389 50 102
sh190 horace hex 129 742 62 90 49 34 36 54 23 13 6 13 4 312 405 52 80
sh004 valerius_flaccus hex 132 763 59 89 70 38 40 53 11 12 5 4 8 326 409 56 -55
sh140 statius hex 124 728 50 88 71 25 40 66 11 11 4 7 9 320 391 50 63
sh132 juvenal hex 132 729 42 73 77 41 47 54 8 7 4 8 9 311 391 52 8
sh088 vergil hex 130 738 51 80 87 47 40 61 7 10 11 8 6 314 398 55 102
sh203 horace hex 132 723 46 83 72 42 38 55 9 11 7 13 5 318 378 47 80
sh044 silius_italicus hex 118 722 46 82 75 47 40 60 12 14 5 16 7 311 386 51 99
sh130 juvenal hex 120 742 51 70 74 35 43 60 5 14 4 9 8 315 396 57 8
sh051 ovid hex 131 747 48 93 63 33 42 53 11 19 5 9 7 319 396 52 -30
sh227 catullus hex 128 744 40 87 74 46 55 60 9 10 9 12 16 308 409 62 -54
sh211 catullus hex 112 723 51 94 70 26 48 69 11 14 4 8 18 304 397 48 -54
sh218 catullus hex 120 746 44 86 68 33 58 66 12 11 6 8 16 311 407 57 -54
sh078 vergil hex 126 741 59 79 69 33 43 54 11 7 6 10 8 323 393 55 102
sh091 vergil hex 124 780 60 96 79 45 48 65 8 20 6 11 8 317 421 57 102
sh116 juvenal hex 127 753 42 74 73 35 40 60 6 11 6 12 9 318 401 54 8
sh213 catullus hex 119 726 45 91 65 28 44 58 10 11 5 8 12 301 392 51 -54
sh193 horace hex 129 730 47 93 59 41 55 46 14 15 4 10 7 316 382 54 80
sh094 lucretius hex 128 731 57 78 64 36 41 75 14 16 3 8 8 306 403 49 -19
sh040 silius_italicus hex 128 759 61 94 77 32 51 67 14 23 4 9 10 318 411 50 99
sh142 statius hex 123 744 47 77 72 49 44 60 9 15 9 12 6 317 402 51 63
sh062 ovid hex 131 740 39 86 71 36 47 68 6 12 8 7 5 329 390 47 -30
sh129 juvenal hex 134 751 52 99 77 38 42 62 8 18 8 10 12 323 402 49 8
sh101 lucretius hex 126 743 63 81 62 42 52 65 15 16 8 11 10 312 409 62 -19
sh181 lucan hex 130 736 50 87 65 33 45 61 12 14 6 9 6 315 402 54 -28
sh068 ovid hex 138 752 58 96 71 34 46 68 8 21 9 6 6 330 405 52 -30
sh144 statius hex 124 739 45 86 65 48 46 50 14 11 14 9 6 315 400 57 63
sh093 lucretius hex 128 739 51 90 73 43 50 61 9 15 6 15 11 318 395 50 -19
sh195 horace hex 140 755 64 94 57 36 43 64 14 20 5 14 6 309 418 52 80
sh026 silius_italicus hex 125 736 50 71 73 38 44 60 12 10 3 17 8 308 404 53 99
sh162 lucan hex 118 731 54 90 69 36 44 46 16 10 4 12 4 309 399 53 -28
sh060 ovid hex 121 726 29 84 70 45 38 51 6 7 3 18 6 320 378 45 -30
sh046 ovid hex 134 745 43 98 62 42 48 59 6 15 4 12 12 323 396 48 -30
sh015 valerius_flaccus hex 125 743 53 93 69 29 40 60 15 17 5 6 8 321 389 47 -55
sh201 horace hex 132 736 66 87 64 46 46 58 21 21 8 10 10 316 396 55 80
sh098 lucretius hex 133 740 52 76 70 37 49 56 10 17 2 12 17 311 401 46 -19
sh110 lucretius hex 133 740 60 84 65 40 38 55 10 23 9 8 10 321 395 56 -19
sh057 ovid hex 128 749 51 86 75 30 38 64 10 12 5 5 6 324 391 52 -30
sh154 statius hex 128 741 59 92 74 39 40 54 18 17 10 11 8 325 387 49 63
sh031 silius_italicus hex 136 729 43 69 70 31 46 61 7 11 4 9 8 311 393 49 99
sh012 valerius_flaccus hex 135 760 60 94 69 28 47 63 15 20 6 5 9 329 406 48 -55
sh187 horace hex 122 719 43 93 53 33 46 63 11 14 6 8 4 308 384 52 80
sh023 silius_italicus hex 128 747 55 90 87 51 44 65 10 13 11 10 7 315 399 49 99
sh061 ovid hex 127 750 57 92 86 38 38 62 15 12 10 8 8 328 393 53 -30
sh028 silius_italicus hex 132 748 45 85 78 46 49 63 8 10 4 13 8 325 403 46 99
sh160 statius hex 128 765 54 94 74 31 54 60 13 18 5 5 15 325 410 50 63
sh047 ovid hex 129 773 69 115 67 35 48 61 19 18 4 5 10 324 423 48 -30
sh120 juvenal hex 126 741 46 82 70 38 46 57 10 13 4 15 8 325 391 57 8
sh136 juvenal hex 133 721 36 91 63 38 49 70 6 14 4 16 14 304 390 54 8
sh172 lucan hex 123 725 40 87 57 34 45 61 9 15 7 7 4 306 404 50 -28
sh019 valerius_flaccus hex 125 761 57 104 75 36 36 67 12 22 5 8 5 319 405 45 -55
sh189 horace hex 132 732 55 77 67 31 33 68 7 18 6 7 8 309 398 54 80
sh058 ovid hex 131 751 45 97 61 44 49 62 12 14 3 12 11 320 406 54 -30
sh034 silius_italicus hex 121 729 52 91 77 32 51 62 9 15 5 7 8 312 392 53 99
sh096 lucretius hex 134 748 57 92 71 39 45 65 11 15 9 8 14 310 405 54 -19
sh049 ovid hex 135 745 40 90 80 35 58 57 9 14 2 8 7 332 386 43 -30
sh164 lucan hex 130 736 50 95 56 32 60 60 15 14 4 8 11 318 398 51 -28
sh104 lucretius hex 136 755 57 109 64 32 56 63 18 24 6 7 11 316 412 56 -19
sh084 vergil hex 126 748 54 79 76 47 50 64 10 12 7 12 16 326 404 55 102
sh106 lucretius hex 125 753 57 80 68 34 51 63 14 11 2 16 14 318 402 68 -19
sh191 horace hex 133 717 49 89 58 35 36 52 14 9 7 10 3 319 372 45 80
sh174 lucan hex 130 727 50 87 68 28 39 58 10 14 5 6 8 305 393 46 -28
sh153 statius hex 132 755 49 91 82 27 43 64 12 13 4 7 9 321 402 51 63
sh125 juvenal hex 127 734 45 91 59 39 44 50 14 10 7 12 10 319 396 51 8
sh109 lucretius hex 131 729 51 88 50 28 42 62 12 11 3 11 12 309 397 53 -19
sh200 horace hex 126 725 44 87 63 33 38 57 8 8 5 8 7 312 379 51 80
sh038 silius_italicus hex 124 719 56 72 84 44 38 54 4 14 6 10 7 307 386 54 99
em095 ovid emixed 124 688 49 90 77 37 33 59 15 16 6 7 7 303 363 46 -30
em069 ovid emixed 138 711 45 95 71 40 54 44 12 7 9 7 7 304 375 49 -30
eh013 martial ehex 132 722 51 86 68 37 46 58 6 17 5 11 8 315 380 52 92
eh053 propertius ehex 135 712 43 79 71 47 44 56 9 15 7 7 3 310 384 52 90
em032 tibullus emixed 130 656 41 87 74 30 27 48 9 17 9 9 4 288 347 49 -19
eh007 martial ehex 130 726 38 95 67 33 42 54 11 12 4 11 8 310 389 54 92
em066 ovid emixed 123 682 51 83 64 33 34 55 6 15 5 12 4 293 365 44 -30
em152 catullus emixed 120 668 36 68 64 37 41 47 7 13 9 5 4 285 360 65 -54
eh036 ovid ehex 135 748 41 98 68 34 43 56 7 14 9 10 9 333 378 55 -30
em086 ovid emixed 134 635 43 84 48 34 30 57 9 11 6 7 4 287 333 42 -30
eh039 ovid ehex 131 730 41 77 77 30 54 61 11 10 5 5 7 313 384 56 -30
em074 ovid emixed 124 681 39 78 79 26 39 67 11 15 8 6 4 306 355 51 -30
eh025 tibullus ehex 137 734 56 112 55 34 46 56 19 23 4 11 6 310 402 50 -19
em019 martial emixed 135 685 38 71 82 31 42 70 6 13 7 7 7 292 370 47 92
eh075 catullus ehex 132 713 44 78 72 50 49 57 7 11 8 13 15 306 384 51 -54
em122 propertius emixed 121 648 42 70 70 31 34 50 5 13 4 4 5 287 345 46 90
eh004 martial ehex 129 729 53 82 72 33 34 60 10 14 5 7 3 314 389 54 92
em136 catullus emixed 132 702 47 95 72 36 37 57 13 23 13 10 8 310 360 56 -54
em047 tibullus emixed 130 700 50 89 68 38 32 49 17 16 7 6 2 305 371 46 -19
ep071 catullus epent 114 629 35 90 57 38 35 42 13 18 4 9 4 286 319 61 -54
em004 martial emixed 127 719 43 81 69 37 57 53 4 9 7 12 8 295 395 50 92
em035 tibullus emixed 134 691 45 73 67 24 40 57 12 6 4 7 6 304 363 48 -19
em129 catullus emixed 131 679 33 82 67 44 37 68 10 11 10 6 7 291 363 46 -54
ep045 ovid epent 122 632 37 75 63 27 39 45 9 9 4 6 4 281 327 44 -30
ep064 catullus epent 107 608 36 59 62 30 49 48 8 14 7 5 6 278 310 60 -54
eh072 catullus ehex 132 722 47 93 57 55 41 55 13 15 9 21 6 311 390 55 -54
em000 martial emixed 128 661 39 65 51 35 29 41 8 13 7 9 2 293 348 50 92
em058 tibullus emixed 125 669 46 78 60 26 35 53 9 10 4 7 4 295 350 55 -19
em092 ovid emixed 138 716 43 106 78 34 39 56 11 16 5 6 5 314 371 47 -30
em059 tibullus emixed 126 680 27 80 78 33 38 61 6 10 11 7 8 299 363 49 -19
em040 tibullus emixed 130 696 45 66 71 29 50 61 6 12 7 6 12 302 372 47 -19
em008 martial emixed 136 705 30 87 58 34 42 62 8 14 5 12 10 300 382 51 92
em038 tibullus emixed 130 710 46 88 69 27 34 56 9 18 3 11 8 310 374 51 -19
ep068 catullus epent 121 621 34 78 70 46 28 51 7 14 11 10 2 281 321 57 -54
ep041 ovid epent 120 628 38 71 72 26 29 52 7 9 4 4 3 267 342 41 -30
eh050 propertius ehex 134 715 48 79 83 37 42 60 7 11 7 6 8 312 375 54 90
eh048 propertius ehex 134 717 40 74 71 31 46 65 4 15 3 6 4 315 382 50 90
em082 ovid emixed 127 665 53 86 57 31 40 67 12 11 5 8 6 289 359 46 -30
ep032 ovid epent 126 624 42 73 72 31 30 66 5 13 6 9 6 277 327 37 -30
em104 propertius emixed 125 678 52 77 70 39 42 56 10 16 6 9 4 292 359 48 90
eh010 martial ehex 127 719 51 87 74 26 52 57 16 11 4 8 9 306 390 54 92
eh067 catullus ehex 131 716 43 82 66 40 51 53 11 16 8 16 10 319 375 51 -54
em078 ovid emixed 132 697 51 84 68 26 43 62 5 11 8 7 7 308 364 49 -30
eh061 propertius ehex 135 719 47 90 82 40 44 64 5 19 10 9 9 309 382 52 90
eh079 catullus ehex 147 764 50 96 61 49 45 61 16 16 14 10 5 329 406 50 -54
em026 martial emixed 119 645 31 78 59 36 48 40 7 11 3 13 7 292 329 50 92
eh054 propertius ehex 131 714 57 73 88 29 40 61 8 16 6 7 8 312 376 53 90
em151 catullus emixed 124 670 48 92 52 36 40 54 9 11 7 6 8 295 348 55 -54
eh029 tibullus ehex 144 736 54 97 82 27 34 67 11 15 4 9 6 321 388 49 -19
eh042 ovid ehex 133 744 54 77 69 19 38 76 8 12 3 3 7 316 405 52 -30
em137 catullus emixed 135 699 37 69 62 41 43 71 8 12 5 14 3 297 387 59 -54
em100 propertius emixed 124 676 39 78 82 40 41 40 10 13 7 10 3 296 352 51 90
em131 catullus emixed 131 672 41 77 68 44 37 52 14 12 11 8 7 297 347 54 -54
ep025 tibullus epent 111 636 46 74 68 30 32 49 4 19 7 7 3 274 341 47 -19
eh070 catullus ehex 135 719 46 76 66 40 42 63 10 14 11 13 10 307 395 55 -54
ep053 propertius epent 118 638 45 73 70 23 33 51 12 17 5 8 5 287 330 46 90
eh032 ovid ehex 141 747 48 94 66 30 51 55 12 13 4 7 6 331 385 55 -30
eh062 propertius ehex 127 717 58 90 61 35 31 56 17 17 6 9 5 321 380 53 90
em113 propertius emixed 131 668 47 77 61 33 39 47 10 15 5 7 3 300 355 44 90
eh022 tibullus ehex 134 726 40 95 60 37 46 52 11 15 8 7 7 319 386 58 -19
ep074 catullus epent 116 620 33 59 80 42 34 54 5 10 7 8 5 273 330 62 -54
em116 propertius emixed 127 681 37 78 84 26 41 61 7 11 7 5 13 296 364 49 90
eh017 tibullus ehex 133 727 52 81 76 33 51 59 7 13 5 10 11 313 392 50 -19
ep050 propertius epent 115 608 46 71 70 31 28 46 12 10 6 6 3 282 311 49 90
em029 martial emixed 131 699 38 80 78 33 42 59 13 11 9 8 5 307 366 51 92
ep078 catullus epent 124 617 36 78 47 24 30 41 9 13 6 8 2 277 324 68 -54
ep004 martial epent 121 622 41 79 63 47 30 46 9 15 8 7 2 272 329 46 92
em143 catullus emixed 136 711 33 62 66 45 51 48 3 9 11 9 7 303 381 51 -54
ep038 ovid epent 123 625 41 66 59 29 43 56 6 16 3 3 5 277 335 42 -30
ep036 ovid epent 121 631 35 67 66 25 36 61 4 12 5 2 9 280 330 42 -30
eh049 propertius ehex 139 701 50 86 68 40 56 52 14 17 8 8 6 304 376 52 90
em149 catullus emixed 125 654 30 68 68 53 49 45 9 10 10 14 7 290 346 53 -54
ep061 propertius epent 118 637 48 71 81 36 39 52 5 9 8 7 7 279 333 49 90
ep007 martial epent 121 627 36 73 68 17 36 67 6 8 3 3 7 274 341 46 92
em125 propertius emixed 124 676 36 73 83 28 42 49 7 11 5 4 6 296 352 55 90
eh047 ovid ehex 130 736 49 81 85 40 42 72 13 12 8 6 6 317 393 53 -30
eh000 martial ehex 133 721 55 83 83 30 47 53 9 15 5 8 9 319 384 48 92
em121 propertius emixed 131 673 50 80 77 31 33 57 7 21 4 5 9 302 341 53 90
eh068 catullus ehex 137 730 41 84 63 40 41 45 12 15 16 5 8 306 391 51 -54
em009 martial emixed 129 685 47 75 70 35 42 59 13 9 4 10 5 301 365 48 92
em156 catullus emixed 137 669 42 84 48 38 37 55 13 14 7 6 4 284 358 63 -54
em043 tibullus emixed 132 712 47 92 71 23 37 53 14 15 4 4 5 324 366 53 -19
ep017 tibullus epent 116 640 33 77 63 19 38 59 4 11 5 1 11 281 333 45 -19
em011 martial emixed 118 680 42 74 60 42 32 60 11 9 14 8 5 288 373 50 92
eh028 tibullus ehex 141 741 41 98 72 47 38 54 7 15 11 10 5 329 393 59 -19
em070 ovid emixed 129 663 49 75 53 31 34 45 4 15 5 5 5 295 343 46 -30
eh043 ovid ehex 136 757 52 98 82 39 32 65 13 18 6 9 4 324 404 51 -30
em057 tibullus emixed 129 674 36 90 54 40 41 62 10 9 7 12 10 298 356 53 -19
ep031 tibullus epent 124 657 51 72 74 29 40 55 8 19 5 8 4 289 352 48 -19
ep022 tibullus epent 119 632 39 78 68 27 48 50 14 14 2 4 5 277 337 43 -19
ep009 martial epent 121 616 35 74 58 23 36 52 13 11 4 4 4 273 325 44 92
em005 martial emixed 143 706 52 86 65 27 32 60 14 21 6 8 8 298 384 42 92
eh001 martial ehex 126 735 45 72 75 35 34 60 5 12 7 6 6 308 401 54 92
eh014 martial ehex 133 726 49 91 76 28 43 62 13 15 6 5 12 313 383 60 92
ep044 ovid epent 122 631 37 73 64 28 36 52 7 10 8 3 1 284 329 45 -30
em080 ovid emixed 130 694 39 80 66 35 45 51 7 10 9 7 5 297 376 44 -30
em150 catullus emixed 131 688 41 71 52 38 49 56 14 14 5 9 8 292 372 51 -54
eh003 martial ehex 137 739 54 83 67 32 47 70 12 17 2 13 7 315 403 49 92
em085 ovid emixed 138 688 47 73 74 31 40 74 9 16 4 9 10 298 366 48 -30
em053 tibullus emixed 129 676 48 76 74 37 39 48 6 15 8 11 4 299 360 53 -19
em015 martial emixed 126 676 43 84 66 38 33 54 9 16 5 7 4 297 355 50 92
em018 martial emixed 128 673 44 74 67 34 36 49 11 14 6 8 4 296 357 50 92
em139 catullus emixed 125 661 43 87 59 50 32 50 15 17 7 9 5 293 352 51 -54
ep035 ovid epent 121 625 42 60 60 23 33 59 5 12 3 5 7 282 329 43 -30
ep056 propertius epent 110 624 45 63 87 25 45 46 13 9 2 5 8 278 325 50 90
em041 tibullus emixed 129 669 52 89 63 40 36 63 15 19 7 10 6 301 349 49 -19
ep051 propertius epent 112 604 41 76 70 29 29 57 11 10 3 5 1 277 310 49 90
em096 propertius emixed 135 677 43 85 77 39 36 63 14 18 6 5 8 300 351 47 90
eh037 ovid ehex 137 725 46 86 69 41 38 49 11 9 7 7 8 319 381 52 -30
em022 martial emixed 130 682 40 67 82 38 47 52 6 12 6 7 10 290 372 48 92
em001 martial emixed 118 681 51 79 58 32 42 47 9 14 6 8 5 298 358 52 92
eh051 propertius ehex 130 705 45 83 75 36 43 68 11 14 7 9 12 308 375 53 90
em117 propertius emixed 124 648 42 82 75 37 37 53 13 16 7 7 6 299 330 53 90
em048 tibullus emixed 134 689 56 89 68 28 37 58 7 25 5 5 3 295 371 48 -19
em130 catullus emixed 122 684 40 73 79 34 43 56 12 14 8 13 5 300 362 57 -54
em144 catullus emixed 127 706 53 70 68 38 29 59 10 19 11 12 6 302 375 50 -54
em105 propertius emixed 121 661 42 76 73 36 37 58 8 15 7 9 8 294 345 46 90
eh078 catullus ehex 151 740 32 93 73 48 48 64 5 9 11 13 5 317 397 57 -54
eh044 ovid ehex 134 776 55 87 74 33 42 60 13 10 2 8 15 332 410 52 -30
eh019 tibullus ehex 133 725 39 94 65 30 47 61 7 15 6 9 6 320 385 49 -19
ep002 martial epent 124 630 40 60 75 30 27 58 6 15 5 4 3 283 324 47 92
ep015 martial epent 121 607 39 75 53 24 33 54 6 14 4 7 4 268 326 45 92
eh074 catullus ehex 135 722 46 82 62 56 32 54 13 12 13 10 4 307 387 56 -54
em084 ovid emixed 128 693 48 92 65 32 35 54 7 22 4 5 5 313 357 48 -30
em101 propertius emixed 125 676 47 68 77 26 44 72 9 17 5 7 6 291 363 52 90
ep010 martial epent 121 613 41 71 66 28 33 47 12 13 5 5 5 277 314 45 92
ep026 tibullus epent 125 644 32 81 74 21 39 55 6 13 0 4 7 288 336 43 -19
em014 martial emixed 128 654 48 82 64 26 42 62 11 22 6 6 4 284 349 48 92
ep027 tibullus epent 116 630 44 69 63 31 34 63 11 17 4 8 5 274 340 48 -19
em155 catullus emixed 132 666 37 81 61 43 43 41 10 11 14 7 3 310 332 61 -54
eh063 propertius ehex 135 711 51 89 71 38 54 60 14 13 7 10 8 304 386 51 90
em089 ovid emixed 127 673 42 75 67 36 38 57 6 9 8 7 8 287 367 47 -30
eh055 propertius ehex 131 725 54 74 86 28 44 57 10 19 7 9 9 311 389 51 90
ep075 catullus epent 120 635 36 64 63 34 32 57 5 10 6 11 4 280 337 58 -54
em049 tibullus emixed 129 695 50 95 63 29 42 52 11 23 6 4 4 301 369 51 -19
ep003 martial epent 120 633 40 77 61 30 30 48 7 13 2 5 6 270 331 42 92
ep065 catullus epent 117 618 41 63 69 45 30 55 8 15 5 11 3 271 338 56 -54
em077 ovid emixed 130 691 43 86 75 40 44 59 13 11 7 9 8 310 361 47 -30
em112 propertius emixed 131 658 48 81 76 35 44 54 10 20 2 3 3 294 344 47 90
ep040 ovid epent 119 623 45 82 59 29 28 55 11 18 5 4 4 284 317 46 -30
em046 tibullus emixed 131 676 47 88 65 26 34 59 9 15 4 4 8 288 360 44 -19
ep070 catullus epent 115 633 45 78 57 26 34 54 12 21 4 8 2 278 326 61 -54
em023 martial emixed 131 666 41 79 56 27 30 54 5 17 6 8 3 301 348 47 92
em065 ovid emixed 137 689 53 78 70 24 48 58 8 11 1 4 8 294 374 41 -30
ep079 catullus epent 113 620 36 69 55 36 31 54 9 12 7 11 4 265 335 70 -54
ep011 martial epent 122 623 40 74 68 20 31 53 4 16 5 2 1 271 328 50 92
eh002 martial ehex 136 725 40 78 73 25 60 50 5 12 5 6 3 314 386 49 92
em099 propertius emixed 130 663 49 81 72 38 44 53 8 26 3 13 7 291 344 49 90
em091 ovid emixed 129 658 33 71 83 34 26 57 7 9 2 9 3 296 329 49 -30
eh031 tibullus ehex 127 720 46 83 66 34 32 49 13 10 7 7 2 304 384 54 -19
eh059 propertius ehex 131 703 49 77 83 36 41 70 9 5 8 6 7 302 367 57 90
eh016 tibullus ehex 142 739 56 95 72 24 51 65 11 15 3 8 12 312 401 53 -19
em033 tibullus emixed 126 696 38 81 74 34 45 64 6 6 7 7 6 298 373 53 -19
em056 tibullus emixed 120 675 42 100 69 30 42 57 9 23 5 7 8 303 348 47 -19
em021 martial emixed 130 674 32 78 57 25 36 51 7 13 7 5 3 285 358 49 92
ep037 ovid epent 114 618 41 74 64 27 41 49 9 10 3 4 8 276 321 44 -30
eh027 tibullus ehex 151 757 40 101 70 39 45 57 5 17 5 7 4 328 397 51 -19
ep034 ovid epent 124 636 33 73 63 28 28 57 9 8 5 7 2 275 339 40 -30
ep008 martial epent 118 610 39 74 62 28 26 43 8 14 2 7 4 272 325 47 92
em061 tibullus emixed 125 668 42 80 69 24 35 56 8 13 3 6 5 288 357 47 -19
ep043 ovid epent 118 632 37 83 61 23 26 53 3 14 2 5 5 278 326 44 -30
ep039 ovid epent 123 617 32 81 65 28 36 46 7 11 4 3 4 269 324 43 -30
ep021 tibullus epent 117 618 41 80 66 27 32 55 4 16 2 7 4 285 317 44 -19
ep030 tibullus epent 116 639 39 93 58 26 29 53 12 15 5 6 4 281 334 46 -19
em030 martial emixed 122 649 50 79 57 26 35 50 11 18 5 7 4 288 353 46 92
eh065 catullus ehex 141 733 44 73 72 50 50 57 11 12 13 15 9 307 394 50 -54
em052 tibullus emixed 128 663 42 90 62 24 30 62 7 23 3 5 6 304 343 46 -19
em090 ovid emixed 139 700 51 83 57 22 31 46 8 18 1 6 5 302 359 49 -30
em034 tibullus emixed 121 681 43 83 69 34 40 62 10 20 5 10 10 292 376 51 -19
em028 martial emixed 118 666 53 76 67 24 32 52 8 17 1 7 4 296 355 55 92
em132 catullus emixed 131 686 33 70 55 42 42 65 6 9 9 9 10 301 367 59 -54
em124 propertius emixed 122 652 41 70 79 22 41 50 3 9 3 2 7 295 332 50 90
em094 ovid emixed 130 710 51 88 68 44 27 63 14 16 8 12 3 305 375 56 -30
eh071 catullus ehex 142 748 45 80 75 51 51 55 13 14 15 9 8 322 393 50 -54
em146 catullus emixed 116 671 41 75 65 30 35 45 7 14 3 9 5 304 344 64 -54
eh033 ovid ehex 137 750 52 89 67 42 40 51 9 18 6 13 5 317 398 53 -30
em072 ovid emixed 130 677 50 77 77 34 26 62 8 11 9 5 2 303 353 51 -30
eh040 ovid ehex 136 747 57 84 78 29 40 60 15 11 6 5 6 320 402 51 -30
em017 martial emixed 125 664 38 81 63 27 39 53 13 11 6 6 5 284 358 46 92
em073 ovid emixed 127 691 45 69 84 32 42 57 6 14 5 7 5 295 369 45 -30
em120 propertius emixed 122 685 53 85 61 29 43 55 10 18 9 3 8 306 359 58 90
eh057 propertius ehex 134 714 51 78 80 39 45 58 11 18 13 7 5 309 380 53 90
ep069 catullus epent 115 633 35 69 66 31 33 43 11 8 7 7 2 278 335 63 -54
em081 ovid emixed 131 696 42 98 63 27 46 56 10 15 2 8 7 297 369 45 -30
em002 martial emixed 123 675 45 61 71 28 40 48 7 9 2 8 3 297 365 49 92
em076 ovid emixed 138 693 50 78 67 30 41 48 8 13 4 3 5 304 365 46 -30
em042 tibullus emixed 122 690 48 95 73 36 42 55 9 14 9 5 9 303 367 49 -19
em088 ovid emixed 131 689 37 79 60 30 45 46 8 10 9 4 1 310 358 47 -30
ep018 tibullus epent 128 636 44 82 62 31 33 53 7 17 6 4 6 272 348 44 -19
em006 martial emixed 120 697 49 83 73 27 34 47 9 19 9 5 6 302 364 55 92
ep001 martial epent 123 625 51 75 54 27 33 47 13 16 3 7 3 277 328 44 92
em068 ovid emixed 123 674 45 72 64 27 44 59 11 18 4 7 7 293 359 48 -30
eh009 martial ehex 135 720 51 78 67 38 40 63 10 16 7 12 7 314 390 60 92
ep066 catullus epent 120 639 33 70 57 23 33 60 6 7 2 12 5 286 336 59 -54
em145 catullus emixed 131 672 41 71 91 33 41 46 10 11 9 10 7 302 347 49 -54
eh064 catullus ehex 140 734 43 95 60 46 47 58 17 10 8 14 7 321 384 50 -54
em083 ovid emixed 130 688 52 93 69 28 35 56 17 20 3 5 5 312 354 50 -30
eh034 ovid ehex 136 741 49 87 75 54 38 60 11 11 6 11 10 323 397 51 -30
eh024 tibullus ehex 135 722 47 92 68 28 46 59 10 19 6 5 7 312 386 45 -19
em127 propertius emixed 124 671 42 81 71 33 39 54 10 16 6 8 8 295 357 50 90
em106 propertius emixed 132 664 46 84 73 21 43 52 10 13 1 7 5 296 350 45 90
ep028 tibullus epent 117 646 41 81 66 21 41 65 7 20 2 5 6 287 348 52 -19
eh006 martial ehex 139 722 43 91 61 41 41 59 13 14 6 11 5 308 395 51 92
em010 martial emixed 122 644 41 64 67 33 46 51 4 6 7 6 7 289 338 55 92
em111 propertius emixed 133 686 51 78 74 33 35 59 12 16 8 5 9 302 355 53 90
em097 propertius emixed 133 710 49 85 95 36 42 56 10 12 10 7 4 308 374 47 90
em109 propertius emixed 132 681 37 72 67 42 33 55 12 12 11 9 4 310 350 54 90
em141 catullus emixed 130 668 33 68 54 37 42 50 9 11 7 12 0 304 342 55 -54
eh077 catullus ehex 150 748 39 90 59 44 47 61 15 13 13 4 9 322 402 53 -54
ep046 ovid epent 120 635 41 75 54 33 34 55 10 10 3 5 6 274 339 42 -30
eh015 martial ehex 133 725 39 90 66 43 38 57 7 16 7 11 3 319 385 54 92
em045 tibullus emixed 131 684 42 86 79 37 43 60 9 17 7 5 6 296 369 48 -19
ep006 martial epent 120 631 48 65 62 27 42 59 11 15 5 10 10 276 334 48 92
em135 catullus emixed 129 668 47 71 51 50 38 49 10 20 12 11 2 287 358 52 -54
em064 ovid emixed 131 688 40 80 78 39 43 60 2 14 8 12 6 297 371 41 -30
ep020 tibullus epent 126 626 34 92 68 27 43 51 6 12 7 4 3 280 333 44 -19
eh058 propertius ehex 136 713 58 82 85 36 34 60 11 13 5 7 13 305 380 50 90
em119 propertius emixed 123 671 45 71 71 30 29 51 10 12 5 5 3 297 355 56 90
ep024 tibullus epent 119 633 50 89 66 35 36 45 15 13 4 7 4 277 340 46 -19
em003 martial emixed 138 709 48 87 77 36 39 53 11 15 7 7 2 299 378 45 92
em102 propertius emixed 119 674 53 76 73 24 37 56 10 11 7 1 8 295 355 54 90
ep047 ovid epent 129 624 43 86 63 19 39 53 9 19 1 3 5 275 329 40 -30
em013 martial emixed 129 653 42 75 62 17 32 50 10 16 4 3 3 298 334 44 92
ep014 martial epent 122 619 47 85 56 14 27 49 10 20 3 3 4 260 337 45 92
em123 propertius emixed 123 646 52 76 79 28 41 54 9 14 4 7 5 289 342 50 90
ep060 propertius epent 121 619 44 78 68 29 39 52 10 16 2 7 6 277 322 45 90
eh030 tibullus ehex 129 719 46 103 74 24 37 45 16 17 5 5 4 319 371 51 -19
ep055 propertius epent 123 630 41 67 66 20 52 53 3 15 5 4 3 275 339 47 90
eh052 propertius ehex 135 722 47 70 93 49 53 65 10 15 8 9 11 313 383 49 90
ep029 tibullus epent 120 623 34 84 64 24 32 52 6 13 5 2 5 284 320 45 -19
em024 martial emixed 128 674 43 75 62 31 35 54 11 17 7 8 3 301 357 52 92
ep023 tibullus epent 121 638 46 77 63 22 43 48 7 19 2 3 9 284 339 48 -19
eh066 catullus ehex 147 719 42 71 78 44 44 64 5 12 9 8 4 311 386 47 -54
ep067 catullus epent 120 617 44 78 61 38 32 49 8 17 11 8 5 280 321 62 -54
ep059 propertius epent 120 638 46 76 64 38 32 46 6 14 6 9 4 280 338 47 90
em027 martial emixed 127 661 35 91 58 34 44 56 4 12 6 8 4 293 350 49 92
em063 tibullus emixed 125 696 45 85 67 30 47 62 8 17 5 7 10 299 373 48 -19
eh026 tibullus ehex 137 717 41 88 60 28 49 55 13 14 6 3 7 307 391 47 -19
eh020 tibullus ehex 142 737 44 94 76 35 44 61 10 16 12 6 6 317 387 50 -19
eh041 ovid ehex 137 723 47 83 57 46 45 52 10 14 5 10 5 311 394 56 -30
ep057 propertius epent 125 621 36 63 79 37 35 53 3 11 7 4 2 279 323 49 90
ep042 ovid epent 124 632 38 63 64 28 30 55 7 9 2 11 4 280 333 42 -30
em110 propertius emixed 126 630 48 80 75 22 37 48 11 14 4 1 10 286 324 49 90
eh038 ovid ehex 147 735 43 90 73 26 44 61 10 9 3 5 8 322 392 49 -30
ep016 tibullus epent 121 642 45 80 61 28 35 48 5 17 5 6 4 284 340 45 -19
ep000 martial epent 122 635 34 72 59 26 36 39 12 14 4 7 5 278 330 42 92
em067 ovid emixed 129 710 50 88 88 25 32 63 8 16 8 3 7 308 370 47 -30
eh056 propertius ehex 138 698 43 82 70 29 52 56 12 13 4 6 6 303 378 50 90
ep072 catullus epent 110 619 50 69 56 30 32 51 11 21 5 8 5 283 321 69 -54
eh046 ovid ehex 135 754 32 92 79 41 50 58 9 8 9 7 8 319 401 52 -30
ep073 catullus epent 113 620 42 83 50 30 27 46 13 16 2 3 3 280 323 63 -54
eh012 martial ehex 133 732 61 95 68 38 39 53 14 21 11 9 4 318 388 50 92
em128 catullus emixed 131 682 42 75 60 39 45 53 11 10 6 8 6 313 346 55 -54
em158 catullus emixed 130 685 47 83 63 51 37 53 12 15 10 10 4 297 369 63 -54
em093 ovid emixed 133 722 50 91 65 32 52 48 8 13 9 3 3 308 381 53 -30
em039 tibullus emixed 117 667 33 88 59 24 32 43 9 9 5 1 2 302 345 48 -19
em016 martial emixed 124 680 40 72 71 32 37 64 7 6 4 8 7 292 368 56 92
ep019 tibullus epent 113 640 47 85 65 32 41 49 12 17 9 5 9 286 338 47 -19
ep076 catullus epent 113 606 36 66 65 30 34 56 8 15 5 4 6 269 317 66 -54
em062 tibullus emixed 131 702 49 94 71 26 35 62 7 15 5 6 10 302 375 44 -19
em154 catullus emixed 125 667 43 78 62 37 52 56 12 14 4 12 8 299 343 55 -54
eh011 martial ehex 128 731 44 79 77 26 49 61 9 14 3 8 12 315 398 59 92
em153 catullus emixed 128 686 39 70 61 42 36 54 7 11 13 11 4 294 369 59 -54
em087 ovid emixed 134 693 51 89 73 31 35 54 12 18 9 2 7 300 371 44 -30
em098 propertius emixed 126 684 45 74 72 36 36 59 7 19 8 7 9 292 373 46 90
ep077 catullus epent 121 632 39 76 63 35 35 54 10 13 7 9 3 295 315 59 -54
eh076 catullus ehex 135 738 46 82 65 35 48 54 18 14 5 9 10 331 378 51 -54
em159 catullus emixed 125 684 48 82 56 35 30 57 12 17 6 11 3 297 379 63 -54
ep052 propertius epent 125 619 48 83 67 31 41 53 11 16 4 6 4 282 326 46 90
ep049 propertius epent 117 619 44 76 71 24 33 49 8 13 3 3 3 284 315 44 90
eh073 catullus ehex 147 725 34 75 63 54 50 71 9 14 9 12 10 306 389 50 -54
ep054 propertius epent 119 636 51 74 61 33 30 51 11 14 6 10 4 280 335 47 90
em115 propertius emixed 125 670 45 82 67 36 32 52 8 18 9 4 6 303 348 52 90
em036 tibullus emixed 125 675 44 75 82 35 43 59 3 18 10 6 4 291 364 47 -19
em007 martial emixed 132 697 44 83 76 29 43 49 11 9 2 8 5 301 370 47 92
em147 catullus emixed 126 680 34 74 74 45 33 57 7 14 11 13 7 301 357 62 -54
em025 martial emixed 134 676 36 80 59 23 51 51 13 7 2 9 4 293 356 45 92
em079 ovid emixed 132 691 57 82 70 31 38 59 7 17 9 5 7 303 365 48 -30
em133 catullus emixed 123 655 41 69 65 35 39 55 10 14 6 8 7 280 353 55 -54
eh069 catullus ehex 139 734 40 82 54 45 50 52 9 10 6 10 5 308 405 50 -54
eh018 tibullus ehex 142 748 41 88 65 35 39 71 7 19 6 9 4 317 404 53 -19
em071 ovid emixed 136 668 42 92 67 35 30 59 8 13 4 9 1 294 356 49 -30
em148 catullus emixed 127 660 38 77 55 37 40 52 9 11 3 13 5 283 362 63 -54
ep058 propertius epent 121 643 50 68 78 29 35 50 9 19 6 11 2 273 347 44 90
em075 ovid emixed 122 686 47 90 58 35 30 49 15 13 5 11 5 305 358 53 -30
em020 martial emixed 130 713 50 102 68 37 47 60 12 15 5 6 5 302 388 54 92
eh008 martial ehex 132 736 50 70 75 31 40 56 7 15 7 9 5 311 397 54 92
em157 catullus emixed 137 691 35 95 73 36 50 66 13 11 8 8 9 295 370 60 -54
eh023 tibullus ehex 145 730 47 93 76 31 34 60 10 18 7 7 7 321 388 48 -19
em060 tibullus emixed 129 677 32 78 81 32 46 62 4 13 5 10 4 298 359 51 -19
em107 propertius emixed 128 684 36 80 84 29 41 65 2 7 9 3 10 307 352 48 90
em050 tibullus emixed 122 661 43 67 90 30 38 53 3 14 2 8 5 302 341 50 -19
eh045 ovid ehex 140 754 40 85 72 40 45 69 5 9 13 11 5 317 407 49 -30
ep062 propertius epent 123 628 29 77 67 25 41 60 7 8 5 2 5 275 329 46 90
eh035 ovid ehex 133 723 40 62 83 36 37 53 8 8 7 11 5 316 384 56 -30
em134 catullus emixed 125 677 47 99 70 35 34 51 15 19 4 11 6 299 347 57 -54
em055 tibullus emixed 124 656 41 75 71 35 41 52 10 14 6 10 7 293 342 47 -19
em054 tibullus emixed 128 688 44 97 60 32 43 48 8 20 6 5 6 301 371 49 -19
ep012 martial epent 131 631 46 69 71 28 24 45 9 18 7 3 3 272 335 45 92
em126 propertius emixed 127 682 49 88 64 34 45 58 13 16 4 10 5 299 362 53 90
eh005 martial ehex 136 741 41 83 73 35 39 58 11 16 7 9 5 317 396 53 92
em118 propertius emixed 126 660 47 75 65 30 36 65 14 14 4 7 4 286 358 46 90
em037 tibullus emixed 131 676 54 71 80 31 37 58 6 18 7 5 5 300 359 48 -19
em108 propertius emixed 134 679 48 74 70 36 45 58 10 17 6 15 9 299 356 50 90
ep033 ovid epent 126 626 35 77 71 25 42 49 5 11 2 6 0 279 325 44 -30
em114 propertius emixed 126 679 46 72 70 35 37 64 10 12 9 8 4 303 357 53 90
em012 martial emixed 125 676 40 66 65 25 31 60 6 10 3 5 8 282 371 44 92
em138 catullus emixed 128 674 43 89 55 45 34 51 13 17 12 5 6 302 356 54 -54
ep063 propertius epent 117 608 35 68 56 28 24 59 8 11 3 3 3 272 323 45 90
em031 martial emixed 133 663 43 83 60 26 35 46 13 13 6 6 0 295 353 50 92
em142 catullus emixed 122 674 38 78 63 45 34 53 10 14 7 13 7 292 360 61 -54
eh060 propertius ehex 127 710 50 74 87 37 48 53 10 15 7 10 9 316 364 54 90
ep013 martial epent 119 637 35 80 65 22 35 46 10 7 1 6 6 279 333 50 92
eh021 tibullus ehex 142 732 47 90 65 37 51 59 11 18 10 5 8 319 391 57 -19
ep005 martial epent 121 622 34 57 65 23 36 64 7 7 3 3 9 273 332 41 92
em140 catullus emixed 127 666 44 75 68 35 34 64 7 12 7 12 7 295 352 66 -54
em044 tibullus emixed 129 672 42 86 74 25 29 69 8 9 5 5 10 293 355 44 -19
em051 tibullus emixed 135 702 37 78 56 34 47 65 10 13 9 8 7 302 378 49 -19
ep048 propertius epent 122 632 38 58 66 23 36 49 4 15 1 5 3 291 326 49 90
em103 propertius emixed 131 669 50 76 79 25 37 54 11 21 6 4 3 295 354 47 90
