sample	author	work	meter	wl	
sh000	4	0	0	5.79	
sh001	4	0	0	5.57	
sh002	4	0	0	5.31	
sh003	4	0	0	5.84	
sh004	4	0	0	5.75	
sh005	4	0	0	5.36	
sh006	4	0	0	5.48	
sh007	4	0	0	5.44	
sh008	4	0	0	5.71	
sh009	4	0	0	5.44	
sh010	4	0	0	5.83	
sh011	4	0	0	5.38	
sh012	4	0	0	5.77	
sh013	4	0	0	5.64	
sh014	4	0	0	6.02	
sh015	4	0	0	5.64	
sh016	4	0	0	5.41	
sh017	4	0	0	5.56	
sh018	4	0	0	5.72	
sh019	4	0	0	5.44	
sh020	4	0	0	5.56	
sh021	4	0	0	5.71	
sh022	4	0	0	5.72	
sh023	1	0	0	5.40	
sh024	1	0	0	5.85	
sh025	1	0	0	5.87	
sh026	1	0	0	5.84	
sh027	1	0	0	5.46	
sh028	1	0	0	5.41	
sh029	1	0	0	5.58	
sh030	1	0	0	5.62	
sh031	1	0	0	5.32	
sh032	1	0	0	5.61	
sh033	1	0	0	5.11	
sh034	1	0	0	5.16	
sh035	1	0	0	5.45	
sh036	1	0	0	5.47	
sh037	1	0	0	5.39	
sh038	1	0	0	5.63	
sh039	1	0	0	5.27	
sh040	1	0	0	5.81	
sh041	1	0	0	5.39	
sh042	1	0	0	5.68	
sh043	1	0	0	5.64	
sh044	1	0	0	5.31	
sh045	1	0	0	5.63	
sh046	7	0	0	5.53	
sh047	7	0	0	5.87	
sh048	7	0	0	6.05	
sh049	7	0	0	5.92	
sh050	7	0	0	5.87	
sh051	7	0	0	5.59	
sh052	7	0	0	5.90	
sh053	7	0	0	5.64	
sh054	7	0	0	6.22	
sh055	7	0	0	5.95	
sh056	7	0	0	5.78	
sh057	7	0	0	5.68	
sh058	7	0	0	6.05	
sh059	7	0	0	6.00	
sh060	7	0	0	6.01	
sh061	7	0	0	5.73	
sh062	7	0	0	6.09	
sh063	7	0	0	5.93	
sh064	7	0	0	5.69	
sh065	7	0	0	5.80	
sh066	7	0	0	5.94	
sh067	7	0	0	5.76	
sh068	7	0	0	5.59	
sh069	8	0	0	5.80	
sh070	8	0	0	5.45	
sh071	8	0	0	5.78	
sh072	8	0	0	5.78	
sh073	8	0	0	5.85	
sh074	8	0	0	5.58	
sh075	8	0	0	5.70	
sh076	8	0	0	5.61	
sh077	8	0	0	5.68	
sh078	8	0	0	5.40	
sh079	8	0	0	5.74	
sh080	8	0	0	5.76	
sh081	8	0	0	5.54	
sh082	8	0	0	5.46	
sh083	8	0	0	5.70	
sh084	8	0	0	5.90	
sh085	8	0	0	5.57	
sh086	8	0	0	5.54	
sh087	8	0	0	5.47	
sh088	8	0	0	5.85	
sh089	8	0	0	5.54	
sh090	8	0	0	5.77	
sh091	8	0	0	5.85	
sh092	0	0	0	5.74	
sh093	0	0	0	5.95	
sh094	0	0	0	6.13	
sh095	0	0	0	5.63	
sh096	0	0	0	5.93	
sh097	0	0	0	5.97	
sh098	0	0	0	6.00	
sh099	0	0	0	6.00	
sh100	0	0	0	6.09	
sh101	0	0	0	5.77	
sh102	0	0	0	6.02	
sh103	0	0	0	6.20	
sh104	0	0	0	6.22	
sh105	0	0	0	5.62	
sh106	0	0	0	5.81	
sh107	0	0	0	5.85	
sh108	0	0	0	6.32	
sh109	0	0	0	5.88	
sh110	0	0	0	6.32	
sh111	0	0	0	5.94	
sh112	0	0	0	5.89	
sh113	0	0	0	5.90	
sh114	0	0	0	6.19	
sh115	3	0	0	5.91	
sh116	3	0	0	5.64	
sh117	3	0	0	5.90	
sh118	3	0	0	5.59	
sh119	3	0	0	5.75	
sh120	3	0	0	6.03	
sh121	3	0	0	5.75	
sh122	3	0	0	5.78	
sh123	3	0	0	5.83	
sh124	3	0	0	5.53	
sh125	3	0	0	5.75	
sh126	3	0	0	5.83	
sh127	3	0	0	5.87	
sh128	3	0	0	5.69	
sh129	3	0	0	5.61	
sh130	3	0	0	5.72	
sh131	3	0	0	5.86	
sh132	3	0	0	5.78	
sh133	3	0	0	5.83	
sh134	3	0	0	5.85	
sh135	3	0	0	5.63	
sh136	3	0	0	5.70	
sh137	3	0	0	5.79	
sh138	6	0	0	6.10	
sh139	6	0	0	5.51	
sh140	6	0	0	5.78	
sh141	6	0	0	5.91	
sh142	6	0	0	5.76	
sh143	6	0	0	5.85	
sh144	6	0	0	5.94	
sh145	6	0	0	6.10	
sh146	6	0	0	5.96	
sh147	6	0	0	6.23	
sh148	6	0	0	6.07	
sh149	6	0	0	6.01	
sh150	6	0	0	6.11	
sh151	6	0	0	5.96	
sh152	6	0	0	5.85	
sh153	6	0	0	5.79	
sh154	6	0	0	6.14	
sh155	6	0	0	5.92	
sh156	6	0	0	5.49	
sh157	6	0	0	6.04	
sh158	6	0	0	5.87	
sh159	6	0	0	5.77	
sh160	6	0	0	6.07	
sh161	2	0	0	6.07	
sh162	2	0	0	5.61	
sh163	2	0	0	5.51	
sh164	2	0	0	5.68	
sh165	2	0	0	5.82	
sh166	2	0	0	5.54	
sh167	2	0	0	5.92	
sh168	2	0	0	5.80	
sh169	2	0	0	5.50	
sh170	2	0	0	5.74	
sh171	2	0	0	5.74	
sh172	2	0	0	5.35	
sh173	2	0	0	5.42	
sh174	2	0	0	5.90	
sh175	2	0	0	5.65	
sh176	2	0	0	5.82	
sh177	2	0	0	5.80	
sh178	2	0	0	5.62	
sh179	2	0	0	5.63	
sh180	2	0	0	5.42	
sh181	2	0	0	5.69	
sh182	2	0	0	5.85	
sh183	2	0	0	5.92	
sh184	9	0	0	5.72	
sh185	9	0	0	5.91	
sh186	9	0	0	5.70	
sh187	9	0	0	5.35	
sh188	9	0	0	5.84	
sh189	9	0	0	5.67	
sh190	9	0	0	5.71	
sh191	9	0	0	5.86	
sh192	9	0	0	5.77	
sh193	9	0	0	5.67	
sh194	9	0	0	5.44	
sh195	9	0	0	5.78	
sh196	9	0	0	5.33	
sh197	9	0	0	5.56	
sh198	9	0	0	5.57	
sh199	9	0	0	5.41	
sh200	9	0	0	5.64	
sh201	9	0	0	5.75	
sh202	9	0	0	6.07	
sh203	9	0	0	6.03	
sh204	9	0	0	5.79	
sh205	9	0	0	5.49	
sh206	9	0	0	5.44	
sh207	5	0	0	5.50	
sh208	5	0	0	5.53	
sh209	5	0	0	5.57	
sh210	5	0	0	5.77	
sh211	5	0	0	5.65	
sh212	5	0	0	5.59	
sh213	5	0	0	5.80	
sh214	5	0	0	5.91	
sh215	5	0	0	5.64	
sh216	5	0	0	5.79	
sh217	5	0	0	6.00	
sh218	5	0	0	5.98	
sh219	5	0	0	5.59	
sh220	5	0	0	5.94	
sh221	5	0	0	5.50	
sh222	5	0	0	6.01	
sh223	5	0	0	5.78	
sh224	5	0	0	5.53	
sh225	5	0	0	5.76	
sh226	5	0	0	5.77	
sh227	5	0	0	5.44	
sh228	5	0	0	5.42	
sh229	5	0	0	5.62	
